[gd_scene load_steps=26 format=3 uid="uid://2d85uqp03wr0"]

[ext_resource type="PackedScene" uid="uid://bvpmy11nqd658" path="res://assets/goat.blend" id="1_qj7or"]

[sub_resource type="CapsuleShape3D" id="CapsuleShape3D_mi5qe"]
radius = 0.021711
height = 0.21711

[sub_resource type="CapsuleShape3D" id="CapsuleShape3D_ykng7"]
radius = 0.0228135
height = 0.228135

[sub_resource type="CapsuleShape3D" id="CapsuleShape3D_pux1t"]
radius = 0.0155194
height = 0.155194

[sub_resource type="CapsuleShape3D" id="CapsuleShape3D_51kca"]
radius = 0.0136323
height = 0.136323

[sub_resource type="CapsuleShape3D" id="CapsuleShape3D_1sknf"]
radius = 0.021978
height = 0.21978

[sub_resource type="CapsuleShape3D" id="CapsuleShape3D_fcxcp"]
radius = 0.0148247
height = 0.148247

[sub_resource type="CapsuleShape3D" id="CapsuleShape3D_e5v6b"]
radius = 0.0155195
height = 0.155195

[sub_resource type="CapsuleShape3D" id="CapsuleShape3D_021yr"]
radius = 0.0136323
height = 0.136323

[sub_resource type="CapsuleShape3D" id="CapsuleShape3D_imv4u"]
radius = 0.0219781
height = 0.219781

[sub_resource type="CapsuleShape3D" id="CapsuleShape3D_16e73"]
radius = 0.0148247
height = 0.148247

[sub_resource type="CapsuleShape3D" id="CapsuleShape3D_hl58r"]
radius = 0.0187862
height = 0.187862

[sub_resource type="CapsuleShape3D" id="CapsuleShape3D_b33hw"]
radius = 0.011698
height = 0.11698

[sub_resource type="CapsuleShape3D" id="CapsuleShape3D_bocif"]
radius = 0.0211417
height = 0.211417

[sub_resource type="CapsuleShape3D" id="CapsuleShape3D_bu1oa"]
radius = 0.0107717
height = 0.107717

[sub_resource type="CapsuleShape3D" id="CapsuleShape3D_rakug"]
radius = 0.0187862
height = 0.187862

[sub_resource type="CapsuleShape3D" id="CapsuleShape3D_6uqv0"]
radius = 0.011698
height = 0.11698

[sub_resource type="CapsuleShape3D" id="CapsuleShape3D_ef182"]
radius = 0.0211417
height = 0.211417

[sub_resource type="CapsuleShape3D" id="CapsuleShape3D_hj7vj"]
radius = 0.0107717
height = 0.107717

[sub_resource type="CapsuleShape3D" id="CapsuleShape3D_jeouk"]
radius = 0.0181811
height = 0.181811

[sub_resource type="CapsuleShape3D" id="CapsuleShape3D_m3r52"]
radius = 0.0061698
height = 0.061698

[sub_resource type="CapsuleShape3D" id="CapsuleShape3D_fpbnn"]
radius = 0.00886928
height = 0.0886928

[sub_resource type="CapsuleShape3D" id="CapsuleShape3D_5m6fb"]
radius = 0.00549555
height = 0.0549555

[sub_resource type="CapsuleShape3D" id="CapsuleShape3D_81i0u"]
radius = 0.00259845
height = 0.0259845

[sub_resource type="CapsuleShape3D" id="CapsuleShape3D_ubu80"]
radius = 0.00118772
height = 0.0118772

[node name="goat" instance=ExtResource("1_qj7or")]

[node name="Skeleton3D" parent="goatarmature" index="0"]
bones/10/rest = Transform3D(0.998202, -0.0366628, -0.0474189, 0.056745, 0.83284, 0.550598, 0.0193058, -0.552299, 0.833423, -7.45058e-09, 0.219781, -2.79397e-09)
bones/23/rotation = Quaternion(-0.596423, -1.09326e-07, -0.431438, 0.676861)
bones/24/rotation = Quaternion(0.431438, 0.676861, 0.596423, 3.34326e-08)
bones/31/rest = Transform3D(0.998894, 0.0469876, 0.00186766, -0.0469876, 0.995742, 0.0793109, 0.00186692, -0.0793109, 0.996848, 1.04774e-09, 0.0549555, -5.91422e-09)
bones/33/rest = Transform3D(1, -1.01539e-07, -2.7766e-07, 2.6187e-07, 0.740122, 0.672472, 1.3722e-07, -0.672472, 0.740122, -7.99361e-15, 0.0259845, -4.09782e-08)

[node name="Physical Bone root" type="PhysicalBone3D" parent="goatarmature/Skeleton3D" index="1"]
transform = Transform3D(3.57944e-07, -1, -1.49011e-07, 0.989882, 4.16485e-07, 0.14189, -0.141891, -2.38419e-07, 0.989882, -6.32985e-08, 0.598636, 0.146286)
collision_layer = 256
collision_mask = 257
joint_offset = Transform3D(1, 0, 0, 0, 1, 0, 0, 0, 1, -2.26498e-06, 2.94299e-13, 0.108554)
body_offset = Transform3D(1, -7.39917e-10, 0, 3.72529e-07, 1.06809e-10, -1, -3.16202e-10, 1, -9.9476e-14, 2.26498e-06, 0.108554, -2.84217e-13)
bone_name = "root"

[node name="CollisionShape3D" type="CollisionShape3D" parent="goatarmature/Skeleton3D/Physical Bone root" index="0"]
transform = Transform3D(1, 0, 0, 0, 0, 1, 0, -1, 0, 0, 0, 0)
shape = SubResource("CapsuleShape3D_mi5qe")

[node name="Physical Bone back" type="PhysicalBone3D" parent="goatarmature/Skeleton3D" index="2"]
transform = Transform3D(3.36324e-07, -1, -3.42622e-08, 0.997508, 4.22559e-07, -0.071247, 0.0712522, -5.03637e-08, 0.997459, -4.32154e-08, 0.591358, -0.0749482)
collision_layer = 256
collision_mask = 257
joint_type = 1
joint_offset = Transform3D(1, 0, 0, 0, 1, 0, 0, 0, 1, -2.29452e-08, 6.14768e-16, 0.114067)
body_offset = Transform3D(1.00005, -7.54952e-15, 2.01166e-07, -1.46776e-06, 1.3145e-13, -1, 3.00587e-10, 1, -5.32907e-15, 0, 0.114067, 0)
bone_name = "back"
joint_constraints/bias = 0.3
joint_constraints/damping = 1.0
joint_constraints/impulse_clamp = 0.0

[node name="CollisionShape3D" type="CollisionShape3D" parent="goatarmature/Skeleton3D/Physical Bone back" index="0"]
transform = Transform3D(1, 0, 0, 0, 0, 1, 0, -1, 0, 0, 0, 0)
shape = SubResource("CapsuleShape3D_ykng7")

[node name="Physical Bone hip_l" type="PhysicalBone3D" parent="goatarmature/Skeleton3D" index="3"]
transform = Transform3D(0.342609, -0.537063, -0.770832, 0.92199, 0.0346408, 0.385659, -0.180421, -0.84283, 0.507035, 0.0598149, 0.56956, -0.228071)
collision_layer = 256
collision_mask = 257
joint_type = 1
joint_offset = Transform3D(1, 0, 0, 0, 1, 0, 0, 0, 1, -6.90974e-07, 1.3411e-07, 0.0775975)
body_offset = Transform3D(0.999999, -4.47035e-08, -3.12924e-07, -1.19209e-07, 2.98023e-08, -1, -2.98023e-08, 1, 0, 7.15256e-07, 0.0775975, -1.3411e-07)
bone_name = "hip.l"
joint_constraints/bias = 0.3
joint_constraints/damping = 1.0
joint_constraints/impulse_clamp = 0.0

[node name="CollisionShape3D" type="CollisionShape3D" parent="goatarmature/Skeleton3D/Physical Bone hip_l" index="0"]
transform = Transform3D(1, 0, 0, 0, 0, 1, 0, -1, 0, 0, 0, 0)
shape = SubResource("CapsuleShape3D_pux1t")

[node name="Physical Bone thigh_l" type="PhysicalBone3D" parent="goatarmature/Skeleton3D" index="4"]
transform = Transform3D(0.950129, -0.115346, 0.289797, -0.301746, -0.575279, 0.760271, 0.0789924, -0.809783, -0.581383, 0.0998757, 0.487812, -0.227787)
collision_layer = 256
collision_mask = 257
joint_type = 1
joint_offset = Transform3D(1, 0, 0, 0, 1, 0, 0, 0, 1, 2.04717e-07, 4.63962e-07, 0.0681614)
body_offset = Transform3D(1.00002, 0, -5.21541e-08, -1.18092e-05, 1.78814e-07, -1, 2.76342e-05, 1, -2.98023e-08, -2.01166e-07, 0.0681614, -4.61936e-07)
bone_name = "thigh.l"
joint_constraints/bias = 0.3
joint_constraints/damping = 1.0
joint_constraints/impulse_clamp = 0.0

[node name="CollisionShape3D" type="CollisionShape3D" parent="goatarmature/Skeleton3D/Physical Bone thigh_l" index="0"]
transform = Transform3D(1, 0, 0, 0, 0, 1, 0, -1, 0, 0, 0, 0)
shape = SubResource("CapsuleShape3D_51kca")

[node name="Physical Bone shinrear_l" type="PhysicalBone3D" parent="goatarmature/Skeleton3D" index="5"]
transform = Transform3D(0.985212, -0.119607, 0.122688, -0.0644538, 0.404744, 0.912156, -0.158757, -0.906574, 0.391049, 0.0666401, 0.335755, -0.231131)
collision_layer = 256
collision_mask = 257
joint_type = 1
joint_offset = Transform3D(1, 0, 0, 0, 1, 0, 0, 0, 1, 5.95637e-07, -2.65274e-08, 0.109889)
body_offset = Transform3D(1, 0, 3.72529e-09, -2.98023e-08, -2.98023e-08, -1, 1.49012e-08, 1, -2.98023e-08, -5.96046e-07, 0.109889, 2.98023e-08)
bone_name = "shinrear.l"
joint_constraints/bias = 0.3
joint_constraints/damping = 1.0
joint_constraints/impulse_clamp = 0.0

[node name="CollisionShape3D" type="CollisionShape3D" parent="goatarmature/Skeleton3D/Physical Bone shinrear_l" index="0"]
transform = Transform3D(1, 0, 0, 0, 0, 1, 0, -1, 0, 0, 0, 0)
shape = SubResource("CapsuleShape3D_1sknf")

[node name="Physical Bone anklerear_l" type="PhysicalBone3D" parent="goatarmature/Skeleton3D" index="6"]
transform = Transform3D(0.992711, -0.120517, 1.06036e-07, -0.0203916, -0.167965, 0.985583, -0.11878, -0.978398, -0.169198, 0.0531583, 0.162461, -0.261562)
collision_layer = 256
collision_mask = 257
joint_type = 1
joint_offset = Transform3D(1, 0, 0, 0, 1, 0, 0, 0, 1, 4.14198e-09, 2.48618e-08, 0.0741236)
body_offset = Transform3D(1, 0, -5.58794e-08, 6.51926e-08, -5.21541e-07, -1, 1.78814e-07, 1, -5.36442e-07, 0, 0.0741236, 1.49012e-08)
bone_name = "anklerear.l"
joint_constraints/bias = 0.3
joint_constraints/damping = 1.0
joint_constraints/impulse_clamp = 0.0

[node name="CollisionShape3D" type="CollisionShape3D" parent="goatarmature/Skeleton3D/Physical Bone anklerear_l" index="0"]
transform = Transform3D(1, 0, 0, 0, 0, 1, 0, -1, 0, 0, 0, 0)
shape = SubResource("CapsuleShape3D_fcxcp")

[node name="Physical Bone hip_r" type="PhysicalBone3D" parent="goatarmature/Skeleton3D" index="7"]
transform = Transform3D(0.342608, 0.537063, 0.770832, -0.921989, 0.0346414, 0.385659, 0.180421, -0.842827, 0.507036, -0.0598145, 0.569559, -0.228071)
collision_layer = 256
collision_mask = 257
joint_type = 1
joint_offset = Transform3D(1, 0, 0, 0, 1, 0, 0, 0, 1, 2.431e-07, 1.25887e-08, 0.0775973)
body_offset = Transform3D(0.999998, -2.5332e-07, 7.07805e-07, 4.39584e-07, -1.63913e-06, -1, -1.63913e-07, 0.999997, 2.98023e-08, -2.98023e-07, 0.0775973, -1.49012e-08)
bone_name = "hip.r"
joint_constraints/bias = 0.3
joint_constraints/damping = 1.0
joint_constraints/impulse_clamp = 0.0

[node name="CollisionShape3D" type="CollisionShape3D" parent="goatarmature/Skeleton3D/Physical Bone hip_r" index="0"]
transform = Transform3D(1, 0, 0, 0, 0, 1, 0, -1, 0, 0, 0, 0)
shape = SubResource("CapsuleShape3D_e5v6b")

[node name="Physical Bone thigh_r" type="PhysicalBone3D" parent="goatarmature/Skeleton3D" index="8"]
transform = Transform3D(0.950095, 0.115346, -0.289797, 0.30174, -0.575278, 0.76027, -0.0790347, -0.80978, -0.581383, -0.0998757, 0.487812, -0.227787)
collision_layer = 256
collision_mask = 257
joint_type = 1
joint_offset = Transform3D(1, 0, 0, 0, 1, 0, 0, 0, 1, 1.36317e-08, -3.11523e-08, 0.0681616)
body_offset = Transform3D(0.999987, 1.63913e-07, 1.86265e-08, -1.87866e-05, 1.78814e-06, -1, 5.8338e-06, 0.999997, 2.38419e-07, -1.49012e-08, 0.0681616, 1.49012e-08)
bone_name = "thigh.r"
joint_constraints/bias = 0.3
joint_constraints/damping = 1.0
joint_constraints/impulse_clamp = 0.0

[node name="CollisionShape3D" type="CollisionShape3D" parent="goatarmature/Skeleton3D/Physical Bone thigh_r" index="0"]
transform = Transform3D(1, 0, 0, 0, 0, 1, 0, -1, 0, 0, 0, 0)
shape = SubResource("CapsuleShape3D_021yr")

[node name="Physical Bone shinrear_r" type="PhysicalBone3D" parent="goatarmature/Skeleton3D" index="9"]
transform = Transform3D(0.985211, 0.119607, -0.122688, 0.0644539, 0.404743, 0.912156, 0.158758, -0.906574, 0.391049, -0.0666406, 0.335755, -0.231133)
collision_layer = 256
collision_mask = 257
joint_type = 1
joint_offset = Transform3D(1, 0, 0, 0, 1, 0, 0, 0, 1, 1.68006e-07, -1.66893e-06, 0.109889)
body_offset = Transform3D(1, 0, -3.72529e-08, 4.84288e-08, -2.98023e-08, -1, -4.47035e-08, 1, 0, -1.63913e-07, 0.109889, 1.66893e-06)
bone_name = "shinrear.r"
joint_constraints/bias = 0.3
joint_constraints/damping = 1.0
joint_constraints/impulse_clamp = 0.0

[node name="CollisionShape3D" type="CollisionShape3D" parent="goatarmature/Skeleton3D/Physical Bone shinrear_r" index="0"]
transform = Transform3D(1, 0, 0, 0, 0, 1, 0, -1, 0, 0, 0, 0)
shape = SubResource("CapsuleShape3D_imv4u")

[node name="Physical Bone anklerear_r" type="PhysicalBone3D" parent="goatarmature/Skeleton3D" index="10"]
transform = Transform3D(0.992726, 0.120902, -2.63693e-07, 0.0203923, -0.168778, 0.98864, 0.118782, -0.981476, -0.169713, -0.0531582, 0.162462, -0.261562)
collision_layer = 256
collision_mask = 257
joint_type = 1
joint_offset = Transform3D(1, 0, 0, 0, 1, 0, 0, 0, 1, -8.97571e-08, 7.51349e-07, 0.0738945)
body_offset = Transform3D(1.00001, -5.06639e-07, 1.11386e-06, -3.241e-07, 0.000280157, -1.0031, -1.78814e-07, 1.00319, -9.99868e-06, 7.45058e-09, 0.0741236, -1.49012e-08)
bone_name = "anklerear.r"
joint_constraints/bias = 0.3
joint_constraints/damping = 1.0
joint_constraints/impulse_clamp = 0.0

[node name="CollisionShape3D" type="CollisionShape3D" parent="goatarmature/Skeleton3D/Physical Bone anklerear_r" index="0"]
transform = Transform3D(1, 0, 0, 0, 0, 1, 0, -1, 0, 0, 0, 0)
shape = SubResource("CapsuleShape3D_16e73")

[node name="Physical Bone shoulder_l" type="PhysicalBone3D" parent="goatarmature/Skeleton3D" index="11"]
transform = Transform3D(0.965888, -0.0715571, -0.24888, 0.230063, -0.20407, 0.951533, -0.118878, -0.976337, -0.180645, 0.0962513, 0.535563, 0.235915)
collision_layer = 256
collision_mask = 257
joint_type = 1
joint_offset = Transform3D(1, 0, 0, 0, 1, 0, 0, 0, 1, 2.58652e-07, 3.16108e-08, 0.0939317)
body_offset = Transform3D(1, -7.45058e-09, -2.43634e-06, -4.84288e-08, 1.49012e-08, -0.999995, 1.63913e-07, 1, 2.98023e-07, -2.98023e-08, 0.0939313, -5.96046e-08)
bone_name = "shoulder.l"
joint_constraints/bias = 0.3
joint_constraints/damping = 1.0
joint_constraints/impulse_clamp = 0.0

[node name="CollisionShape3D" type="CollisionShape3D" parent="goatarmature/Skeleton3D/Physical Bone shoulder_l" index="0"]
transform = Transform3D(1, 0, 0, 0, 0, 1, 0, -1, 0, 0, 0, 0)
shape = SubResource("CapsuleShape3D_hl58r")

[node name="Physical Bone thigh_l_001" type="PhysicalBone3D" parent="goatarmature/Skeleton3D" index="12"]
transform = Transform3D(0.811938, 0.476135, 0.337716, -0.581318, 0.712193, 0.39351, -0.053158, -0.515826, 0.855043, 0.0998757, 0.423168, 0.202872)
collision_layer = 256
collision_mask = 257
joint_type = 1
joint_offset = Transform3D(1, 0, 0, 0, 1, 0, 0, 0, 1, -3.0505e-09, 8.71571e-09, 0.0584901)
body_offset = Transform3D(1, -9.31323e-09, 5.21541e-08, 2.32831e-06, 1.49012e-07, -1, 1.1716e-06, 1, -1.49012e-07, 0, 0.0584901, 0)
bone_name = "thigh.l.001"
joint_constraints/bias = 0.3
joint_constraints/damping = 1.0
joint_constraints/impulse_clamp = 0.0

[node name="CollisionShape3D" type="CollisionShape3D" parent="goatarmature/Skeleton3D/Physical Bone thigh_l_001" index="0"]
transform = Transform3D(1, 0, 0, 0, 0, 1, 0, -1, 0, 0, 0, 0)
shape = SubResource("CapsuleShape3D_b33hw")

[node name="Physical Bone shinrear_l_001" type="PhysicalBone3D" parent="goatarmature/Skeleton3D" index="13"]
transform = Transform3D(0.974529, -0.184461, 0.127544, -0.143887, -0.0780724, 0.9865, -0.172015, -0.979734, -0.102625, 0.0666405, 0.29587, 0.163708)
collision_layer = 256
collision_mask = 257
joint_type = 1
joint_offset = Transform3D(1, 0, 0, 0, 1, 0, 0, 0, 1, -3.36617e-07, -4.78864e-09, 0.105709)
body_offset = Transform3D(1, 0, 3.8892e-06, 3.72529e-09, 4.47035e-08, -0.999991, 0, 1, 1.86265e-07, -7.45058e-08, 0.105708, -1.49012e-08)
bone_name = "shinrear.l.001"
joint_constraints/bias = 0.3
joint_constraints/damping = 1.0
joint_constraints/impulse_clamp = 0.0

[node name="CollisionShape3D" type="CollisionShape3D" parent="goatarmature/Skeleton3D/Physical Bone shinrear_l_001" index="0"]
transform = Transform3D(1, 0, 0, 0, 0, 1, 0, -1, 0, 0, 0, 0)
shape = SubResource("CapsuleShape3D_bocif")

[node name="Physical Bone anklerear_l_001" type="PhysicalBone3D" parent="goatarmature/Skeleton3D" index="14"]
transform = Transform3D(0.992711, -0.120541, -6.68394e-09, -0.00343169, -0.0283219, 0.999594, -0.120469, -0.992308, -0.0284742, 0.0531583, 0.13775, 0.17609)
collision_layer = 256
collision_mask = 257
joint_type = 1
joint_offset = Transform3D(1, 0, 0, 0, 1, 0, 0, 0, 1, 1.04183e-09, 3.2102e-09, 0.0538584)
body_offset = Transform3D(1, -2.29999e-05, 4.98258e-08, 5.40167e-08, 5.51622e-05, -1, 0, 1, -5.96046e-08, -3.72529e-09, 0.0538584, 0)
bone_name = "anklerear.l.001"
joint_constraints/bias = 0.3
joint_constraints/damping = 1.0
joint_constraints/impulse_clamp = 0.0

[node name="CollisionShape3D" type="CollisionShape3D" parent="goatarmature/Skeleton3D/Physical Bone anklerear_l_001" index="0"]
transform = Transform3D(1, 0, 0, 0, 0, 1, 0, -1, 0, 0, 0, 0)
shape = SubResource("CapsuleShape3D_bu1oa")

[node name="Physical Bone shoulder_r" type="PhysicalBone3D" parent="goatarmature/Skeleton3D" index="15"]
transform = Transform3D(0.965888, 0.0715573, 0.24888, -0.230063, -0.20407, 0.951539, 0.118878, -0.976339, -0.180646, -0.0962513, 0.535563, 0.235915)
collision_layer = 256
collision_mask = 257
joint_type = 1
joint_offset = Transform3D(1, 0, 0, 0, 1, 0, 0, 0, 1, -4.85798e-08, 2.93933e-08, 0.093931)
body_offset = Transform3D(1, -3.72529e-08, 8.34465e-07, -5.23403e-07, -2.68221e-07, -1, 1.41561e-07, 1, -3.12924e-07, -2.98023e-08, 0.0939311, 0)
bone_name = "shoulder.r"
joint_constraints/bias = 0.3
joint_constraints/damping = 1.0
joint_constraints/impulse_clamp = 0.0

[node name="CollisionShape3D" type="CollisionShape3D" parent="goatarmature/Skeleton3D/Physical Bone shoulder_r" index="0"]
transform = Transform3D(1, 0, 0, 0, 0, 1, 0, -1, 0, 0, 0, 0)
shape = SubResource("CapsuleShape3D_rakug")

[node name="Physical Bone thigh_r_001" type="PhysicalBone3D" parent="goatarmature/Skeleton3D" index="16"]
transform = Transform3D(0.811938, -0.476139, -0.338312, 0.581318, 0.7122, 0.394257, 0.0531559, -0.515833, 0.856772, -0.0998757, 0.423168, 0.20287)
collision_layer = 256
collision_mask = 257
joint_type = 1
joint_offset = Transform3D(1, 0, 0, 0, 1, 0, 0, 0, 1, -2.41821e-06, 3.92791e-06, 0.0583759)
body_offset = Transform3D(1, 2.84985e-07, 4.29563e-05, -1.41561e-07, 1.84774e-06, -1.00197, -1.30385e-07, 1.00001, -7.59661e-05, -8.9407e-08, 0.0584911, 5.06639e-07)
bone_name = "thigh.r.001"
joint_constraints/bias = 0.3
joint_constraints/damping = 1.0
joint_constraints/impulse_clamp = 0.0

[node name="CollisionShape3D" type="CollisionShape3D" parent="goatarmature/Skeleton3D/Physical Bone thigh_r_001" index="0"]
transform = Transform3D(1, 0, 0, 0, 0, 1, 0, -1, 0, 0, 0, 0)
shape = SubResource("CapsuleShape3D_6uqv0")

[node name="Physical Bone shinrear_r_001" type="PhysicalBone3D" parent="goatarmature/Skeleton3D" index="17"]
transform = Transform3D(0.97454, 0.184461, -0.127542, 0.143888, -0.0780721, 0.98651, 0.172017, -0.979734, -0.102625, -0.0666403, 0.295869, 0.163708)
collision_layer = 256
collision_mask = 257
joint_type = 1
joint_offset = Transform3D(1, 0, 0, 0, 1, 0, 0, 0, 1, -1.27521e-07, -7.87637e-10, 0.105709)
body_offset = Transform3D(1.00001, 2.68221e-07, -4.47035e-08, 5.60656e-07, 5.96046e-08, -1, -3.57628e-07, 1, 7.45058e-09, 1.32248e-07, 0.105709, 0)
bone_name = "shinrear.r.001"
joint_constraints/bias = 0.3
joint_constraints/damping = 1.0
joint_constraints/impulse_clamp = 0.0

[node name="CollisionShape3D" type="CollisionShape3D" parent="goatarmature/Skeleton3D/Physical Bone shinrear_r_001" index="0"]
transform = Transform3D(1, 0, 0, 0, 0, 1, 0, -1, 0, 0, 0, 0)
shape = SubResource("CapsuleShape3D_ef182")

[node name="Physical Bone anklerear_r_001" type="PhysicalBone3D" parent="goatarmature/Skeleton3D" index="18"]
transform = Transform3D(0.992772, 0.120552, 3.63964e-06, 0.00344265, -0.0282751, 1.00087, 0.120478, -0.992597, -0.0285241, -0.0531583, 0.13775, 0.17609)
collision_layer = 256
collision_mask = 257
joint_type = 1
joint_offset = Transform3D(1, 0, 0, 0, 1, 0, 0, 0, 1, -2.13948e-08, -8.11232e-07, 0.0537898)
body_offset = Transform3D(1.00006, -7.52509e-07, 2.09454e-06, -1.08138e-05, 6.23986e-07, -1.00128, -2.48849e-06, 1.00029, 1.42548e-05, -9.12696e-08, 0.0538584, 4.47035e-08)
bone_name = "anklerear.r.001"
joint_constraints/bias = 0.3
joint_constraints/damping = 1.0
joint_constraints/impulse_clamp = 0.0

[node name="CollisionShape3D" type="CollisionShape3D" parent="goatarmature/Skeleton3D/Physical Bone anklerear_r_001" index="0"]
transform = Transform3D(1, 0, 0, 0, 0, 1, 0, -1, 0, 0, 0, 0)
shape = SubResource("CapsuleShape3D_hj7vj")

[node name="Physical Bone neck" type="PhysicalBone3D" parent="goatarmature/Skeleton3D" index="19"]
transform = Transform3D(-1, 6.27833e-07, 1.14337e-09, 4.08385e-07, 0.650446, -0.759553, -4.76884e-07, -0.759553, -0.650446, -7.94755e-08, 0.683084, 0.312871)
collision_layer = 256
collision_mask = 257
joint_offset = Transform3D(1, 0, 0, 0, 1, 0, 0, 0, 1, 1.03969e-10, 1.15146e-07, 0.0909053)
body_offset = Transform3D(1, -5.68434e-14, -1.14323e-09, 2.78533e-12, 4.76837e-07, -1, 1.78488e-11, 1, 2.08616e-07, -4.26326e-14, 0.0909053, -1.3411e-07)
bone_name = "neck"

[node name="CollisionShape3D" type="CollisionShape3D" parent="goatarmature/Skeleton3D/Physical Bone neck" index="0"]
transform = Transform3D(1, 0, 0, 0, 0, 1, 0, -1, 0, 0, 0, 0)
shape = SubResource("CapsuleShape3D_jeouk")

[node name="Physical Bone head" type="PhysicalBone3D" parent="goatarmature/Skeleton3D" index="20"]
transform = Transform3D(0.701672, -0.0176685, -0.71228, -0.709428, 0.0753655, -0.700741, 0.0660957, 0.996999, 0.0403137, 0.021973, 0.773741, 0.370756)
collision_layer = 256
collision_mask = 257
joint_type = 1
joint_offset = Transform3D(1, 0, 0, 0, 1, 0, 0, 0, 1, -5.87571e-06, 5.74364e-07, 0.0308431)
body_offset = Transform3D(-0.701674, 0.0176685, 0.712278, 0, 0.999691, -0.0248649, -0.712498, -0.0174471, -0.701461, -0.021973, 0.000766337, 0.0216311)
bone_name = "head"
joint_constraints/bias = 0.3
joint_constraints/damping = 1.0
joint_constraints/impulse_clamp = 0.0

[node name="CollisionShape3D" type="CollisionShape3D" parent="goatarmature/Skeleton3D/Physical Bone head" index="0"]
transform = Transform3D(1, 0, 0, 0, 0, 1, 0, -1, 0, 0, 0, 0)
shape = SubResource("CapsuleShape3D_m3r52")

[node name="Physical Bone jaw_lower" type="PhysicalBone3D" parent="goatarmature/Skeleton3D" index="21"]
transform = Transform3D(-1, -2.38218e-06, -8.96074e-07, -2.36413e-06, 0.739008, 0.673697, -9.42658e-07, 0.673698, -0.739007, -3.97379e-08, 0.722256, 0.404772)
collision_layer = 256
collision_mask = 257
joint_type = 1
joint_offset = Transform3D(1, 0, 0, 0, 1, 0, 0, 0, 1, -8.66862e-13, 1.91852e-07, 0.0443465)
body_offset = Transform3D(1, 3.63927e-06, 1.36894e-06, -4.54747e-13, 0.352074, -0.935972, -3.88822e-06, 0.935973, 0.352074, -6.07075e-08, 0.041507, -0.0156134)
bone_name = "jaw.lower"
joint_constraints/bias = 0.3
joint_constraints/damping = 1.0
joint_constraints/impulse_clamp = 0.0

[node name="CollisionShape3D" type="CollisionShape3D" parent="goatarmature/Skeleton3D/Physical Bone jaw_lower" index="0"]
transform = Transform3D(1, 0, 0, 0, 0, 1, 0, -1, 0, 0, 0, 0)
shape = SubResource("CapsuleShape3D_fpbnn")

[node name="Physical Bone beard_high" type="PhysicalBone3D" parent="goatarmature/Skeleton3D" index="22"]
transform = Transform3D(-0.99879, -0.000950069, -0.0470605, -0.0469334, -0.0554672, 0.997357, -0.00355767, 0.99846, 0.0553613, 0.00129314, 0.664971, 0.436024)
collision_layer = 256
collision_mask = 257
joint_type = 1
joint_offset = Transform3D(1, 0, 0, 0, 1, 0, 0, 0, 1, -1.2248e-07, -1.10565e-06, 0.0274808)
body_offset = Transform3D(0.999898, -1.95578e-08, -1.69821e-08, 2.79018e-06, 1.08033e-07, -1, 1.76951e-08, 1, 1.08033e-07, 1.22935e-07, 0.0274808, 1.10269e-06)
bone_name = "beard.high"
joint_constraints/bias = 0.3
joint_constraints/damping = 1.0
joint_constraints/impulse_clamp = 0.0

[node name="CollisionShape3D" type="CollisionShape3D" parent="goatarmature/Skeleton3D/Physical Bone beard_high" index="0"]
transform = Transform3D(1, 0, 0, 0, 0, 1, 0, -1, 0, 0, 0, 0)
shape = SubResource("CapsuleShape3D_5m6fb")

[node name="Physical Bone tonguebase" type="PhysicalBone3D" parent="goatarmature/Skeleton3D" index="23"]
transform = Transform3D(-1, 1.51359e-07, 1.102e-11, 1.50821e-07, 0.998855, 0.0478376, 7.22348e-09, 0.0478375, -0.998855, -7.94752e-08, 0.720391, 0.508308)
collision_layer = 256
collision_mask = 257
joint_type = 1
joint_offset = Transform3D(1, 0, 0, 0, 1, 0, 0, 0, 1, 1.29927e-13, -2.04733e-08, 0.0129923)
body_offset = Transform3D(1, -3.64872e-10, -1.10947e-11, 1.94067e-13, 1.41189e-06, -1, -6.9092e-13, 1, 1.5758e-06, 1.42109e-14, 0.0129923, 0)
bone_name = "tonguebase"
joint_constraints/bias = 0.3
joint_constraints/damping = 1.0
joint_constraints/impulse_clamp = 0.0

[node name="CollisionShape3D" type="CollisionShape3D" parent="goatarmature/Skeleton3D/Physical Bone tonguebase" index="0"]
transform = Transform3D(1, 0, 0, 0, 0, 1, 0, -1, 0, 0, 0, 0)
shape = SubResource("CapsuleShape3D_81i0u")

[node name="Physical Bone tonguesegment_001" type="PhysicalBone3D" parent="goatarmature/Skeleton3D" index="24"]
transform = Transform3D(-1, 3.89414e-07, -3.95795e-12, 2.75356e-07, 0.70711, 0.707103, 2.75359e-07, 0.707103, -0.70711, -7.94752e-08, 0.71557, 0.525485)
collision_layer = 256
collision_mask = 257
joint_type = 1
joint_offset = Transform3D(1, 0, 0, 0, 1, 0, 0, 0, 1, -1.05493e-14, -2.96938e-08, 0.00593871)
body_offset = Transform3D(1, 0, 1.77636e-12, 1.80478e-12, -5.0962e-06, -1, 1.42109e-14, 1, -5.03659e-06, 0, 0.00593871, 5.96046e-08)
bone_name = "tonguesegment.001"
joint_constraints/bias = 0.3
joint_constraints/damping = 1.0
joint_constraints/impulse_clamp = 0.0

[node name="CollisionShape3D" type="CollisionShape3D" parent="goatarmature/Skeleton3D/Physical Bone tonguesegment_001" index="0"]
transform = Transform3D(1, 0, 0, 0, 0, 1, 0, -1, 0, 0, 0, 0)
shape = SubResource("CapsuleShape3D_ubu80")
